0.16443 0.30827
0.47974 0.44819
0.36513 0.46528
0.29591 0.39615
0.2423 0.36069
0.33723 0.69377
0.29611 0.69921
0.17825 0.25878
0.65261 0.59357
0.52993 0.26158
0.66294 0.83686
0.34487 0.96231
0.32495 0.18864
0.5496 0.59116
0.67393 0.26651
0.53055 0.36143
0.4341 0.51277
0.87974 0.65738
0.74538 0.38432
0.77705 0.37094
0.28268 0.79809
0.60022 0.31927
0.82591 0.55356
0.49292 0.3584
0.87524 0.66113
0.34164 0.59725
0.49321 0.011191
0.69821 0.32055
0.028128 0.27915
0.099498 0.19079
0.52364 0.63009
0.56487 0.66962
0.36908 0.56848
0.31473 0.90449
0.027938 0.16792
0.72705 0.82581
0.37618 0.68975
0.56013 0.65091
0.87511 0.23603
0.58764 0.612
0.3663 0.45417
0.56852 0.10137
0.13005 0.43451
0.20764 0.30121
0.56532 0.51392
0.73998 0.43308
0.58525 0.56992
0.56409 0.68584
0.50947 0.42217
0.67413 0.25074
0.49262 0.32532
0.46541 0.61689
0.36367 0.85999
0.79641 0.13963
0.62592 0.81111
0.63318 0.59171
0.38964 0.56506
0.42595 0.65273
0.88747 0.61004
0.3983 0.69616
0.42137 0.39126
0.51112 0.45899
0.28909 0.61545
0.77192 0.675
0.81858 0.51115
0.62085 0.14016
0.75295 0.35689
0.43879 0.36096
0.65259 0.35764
0.35768 0.49735
0.63363 0.48226
0.63332 0.73852
0.49887 0.43564
0.46122 0.39956
0.68972 0.73748
0.47895 0.48646
0.26707 0.53087
0.54951 0.49597
0.92774 0.60596
0.53881 0.46981
0.39411 0.94087
0.62464 0.59299
0.80118 0.44086
0.53425 0.60387
0.60663 0.29196
0.39048 0.56889
0.45772 0.25695
0.42346 0.55148
0.38095 0.64748
0.43624 0.13877
0.69236 0.71674
0.36117 0.41164
0.60018 0.55439
0.50238 0.42104
0.365 0.36898
0.44 0.86056
0.26515 0.63939
0.62355 0.39809
0.63128 0.35125
0.43964 0.41603
